1791529779 0.0 0.0 1.0 0.27047872340425533 2.0
1791529781 0.0 0.0 4.0 0.23636363636363636 402.0
1791529784 0.0 0.0 3.0 0.22727272727272727 880.0
1791529786 1.0 0.0 4.0 0.20476190476190476 1362.0
1791529788 0.0 0.0 3.0 0.21136363636363636 1838.0
1791529790 0.0 0.0 5.0 0.175 2316.0
1791529792 0.0 0.0 3.0 0.18409090909090908 2798.0
1791529794 0.0 0.0 4.0 0.15 3279.0
1791529797 0.0 0.0 4.0 0.20952380952380953 3758.0
1791529799 1.0 0.0 3.0 0.16136363636363638 4237.0
1791529801 0.0 0.0 3.0 0.21818181818181817 4716.0
1791529803 0.0 0.0 4.0 0.21363636363636362 5201.0
1791529805 0.0 0.0 3.0 0.175 5676.0
1791529808 0.0 0.0 4.0 0.1590909090909091 6166.0
1791529810 1.0 0.0 3.0 0.16666666666666666 6606.0
1791529812 0.0 0.0 4.0 0.12727272727272726 6650.0
1791529814 0.0 0.0 3.0 0.11818181818181818 6694.0
1791529816 1.0 0.0 3.0 0.10454545454545454 6737.0
1791529818 0.0 0.0 3.0 0.10681818181818181 6780.0
1791529821 0.0 0.0 4.0 0.11190476190476191 6824.0
1791529823 0.0 0.0 3.0 0.10454545454545454 6867.0
1791529825 1.0 0.0 3.0 0.11666666666666667 6910.0
1791529827 0.0 0.0 3.0 0.11363636363636363 6954.0
1791529829 1.0 0.0 3.0 0.09772727272727273 6997.0
1791529831 0.0 0.0 4.0 0.10454545454545454 7040.0
1791529834 0.0 0.0 3.0 0.12272727272727273 7084.0
1791529836 0.0 0.0 3.0 0.10952380952380952 7128.0
1791529838 0.0 0.0 3.0 0.10909090909090909 7171.0
1791529840 0.0 0.0 1.0 0.09 7194.0
