1791530099 0.0 0.0 1.0 0.28782383419689117 2.0
1791530101 0.0 0.0 3.0 0.31 400.0
1791530104 0.0 0.0 3.0 0.319047619047619 875.0
1791530106 0.0 0.0 4.0 0.25 1351.0
1791530108 0.0 0.0 3.0 0.3119047619047619 1827.0
1791530110 0.0 0.0 3.0 0.2159090909090909 2303.0
1791530112 1.0 0.0 3.0 0.225 2779.0
1791530114 0.0 0.0 3.0 0.18863636363636363 3260.0
1791530117 0.0 0.0 5.0 0.2761904761904762 3734.0
1791530119 0.0 0.0 3.0 0.20227272727272727 4218.0
1791530121 0.0 0.0 4.0 0.2772727272727273 4703.0
1791530123 0.0 0.0 3.0 0.31363636363636366 5183.0
1791530125 1.0 0.0 3.0 0.20681818181818182 5664.0
1791530128 0.0 0.0 3.0 0.15454545454545454 6143.0
1791530130 1.0 0.0 3.0 0.19285714285714287 6604.0
1791530132 0.0 0.0 3.0 0.15 6648.0
1791530134 0.0 0.0 3.0 0.1409090909090909 6692.0
1791530136 0.0 0.0 3.0 0.13863636363636364 6736.0
1791530139 1.0 0.0 3.0 0.11136363636363636 6780.0
1791530141 0.0 0.0 3.0 0.14772727272727273 6824.0
1791530143 0.0 0.0 3.0 0.1159090909090909 6867.0
1791530145 0.0 0.0 4.0 0.12045454545454545 6911.0
1791530147 0.0 0.0 4.0 0.11363636363636363 6955.0
1791530149 0.0 0.0 3.0 0.14047619047619048 6998.0
1791530152 0.0 0.0 3.0 0.11818181818181818 7042.0
1791530154 1.0 0.0 3.0 0.12727272727272726 7086.0
1791530156 0.0 0.0 3.0 0.125 7129.0
1791530158 0.0 0.0 3.0 0.1159090909090909 7173.0
1791530160 0.0 0.0 1.0 0.08947368421052632 7193.0
