1791532551 0.0 0.0 11.0 0.29285714285714287 180.0
1791532553 0.0 0.0 12.0 0.9772727272727273 402.0
1791532556 1.0 0.0 13.0 0.8318181818181818 402.0
1791532558 0.0 0.0 12.0 0.6204545454545455 402.0
1791532560 0.0 0.0 11.0 0.4166666666666667 402.0
1791532562 1.0 0.0 13.0 0.32954545454545453 402.0
1791532564 0.0 0.0 11.0 0.3476190476190476 402.0
1791532566 0.0 0.0 12.0 0.2840909090909091 402.0
1791532569 0.0 0.0 11.0 0.31666666666666665 402.0
1791532571 1.0 0.0 11.0 0.25227272727272726 402.0
1791532573 0.0 0.0 11.0 0.3 402.0
1791532575 1.0 0.0 11.0 0.2772727272727273 402.0
1791532577 0.0 0.0 12.0 0.3886363636363636 402.0
1791532579 1.0 0.0 12.0 0.3333333333333333 402.0
1791532582 0.0 0.0 12.0 0.2909090909090909 402.0
1791532584 1.0 0.0 12.0 0.3261904761904762 402.0
1791532586 1.0 0.0 11.0 0.26590909090909093 402.0
1791532588 0.0 0.0 11.0 0.2772727272727273 402.0
1791532590 0.0 0.0 11.0 0.22045454545454546 402.0
1791532592 0.0 0.0 11.0 0.2642857142857143 402.0
1791532595 0.0 0.0 11.0 0.24772727272727274 402.0
1791532597 0.0 0.0 12.0 0.24772727272727274 402.0
1791532599 0.0 0.0 12.0 0.2357142857142857 402.0
1791532601 0.0 0.0 11.0 0.23636363636363636 402.0
1791532603 1.0 0.0 12.0 0.2727272727272727 402.0
1791532605 0.0 0.0 12.0 0.2714285714285714 402.0
1791532608 1.0 0.0 13.0 0.2431818181818182 402.0
1791532610 1.0 0.0 12.0 0.20909090909090908 402.0
