1791530421 0.0 0.0 1.0 0.2764397905759162 2.0
1791530424 0.0 0.0 3.0 0.3225 400.0
1791530426 0.0 0.0 4.0 0.2727272727272727 879.0
1791530428 0.0 0.0 3.0 0.2357142857142857 1355.0
1791530430 0.0 0.0 5.0 0.23863636363636365 1832.0
1791530433 1.0 0.0 4.0 0.22272727272727272 2310.0
1791530435 0.0 0.0 3.0 0.20681818181818182 2795.0
1791530437 0.0 0.0 3.0 0.18181818181818182 3283.0
1791530439 1.0 0.0 4.0 0.2318181818181818 3761.0
1791530441 0.0 0.0 3.0 0.20238095238095238 4237.0
1791530443 0.0 0.0 3.0 0.2772727272727273 4712.0
1791530446 0.0 0.0 3.0 0.3886363636363636 5189.0
1791530448 0.0 0.0 4.0 0.18409090909090908 5673.0
1791530450 0.0 0.0 3.0 0.12857142857142856 6153.0
1791530452 1.0 0.0 4.0 0.19318181818181818 6605.0
1791530454 0.0 0.0 3.0 0.13863636363636364 6651.0
1791530457 0.0 0.0 3.0 0.22391304347826088 6695.0
1791530459 0.0 0.0 3.0 0.125 6739.0
1791530461 1.0 0.0 3.0 0.10909090909090909 6783.0
1791530463 0.0 0.0 3.0 0.1318181818181818 6827.0
1791530465 0.0 0.0 3.0 0.1159090909090909 6870.0
1791530468 0.0 0.0 3.0 0.10909090909090909 6914.0
1791530470 0.0 0.0 3.0 0.10714285714285714 6958.0
1791530472 0.0 0.0 4.0 0.125 7001.0
1791530474 1.0 0.0 5.0 0.1409090909090909 7045.0
1791530476 0.0 0.0 3.0 0.16818181818181818 7088.0
1791530478 0.0 0.0 3.0 0.12380952380952381 7132.0
1791530481 0.0 0.0 4.0 0.12727272727272726 7176.0
1791530483 0.0 0.0 1.0 0.07380952380952381 7190.0
