kind    n  start_s  end_s  took_ms  status
order    1    0.000  0.166      166  200
order    2    0.000  0.174      174  200
order    3    0.000  0.165      164  200
order    4    0.001  0.160      160  200
order    0    0.001  0.160      160  200
order    5    0.001  0.170      169  200
order    6    0.001  0.177      177  200
order    7    0.001  0.179      178  200
order    8    0.001  0.175      174  200
order    9    0.001  0.172      171  200
order   10    0.001  0.160      159  200
order   11    0.001  0.179      178  200
order   12    0.001  0.177      176  200
order   14    0.001  0.164      163  200
order   13    0.001  0.168      166  200
order   15    0.001  0.169      168  200
order   16    0.001  0.162      161  200
order   17    0.001  0.162      161  200
order   18    0.001  0.183      182  200
order   19    0.002  0.176      174  200
browse   0    0.052  0.067       15  200
