kind    n  start_s  end_s  took_ms  status
order    0    0.000  0.616      616  200
order    1    0.000  0.849      849  200
order    2    0.000  1.848     1847  200
order    3    0.001  1.405     1404  200
order    4    0.001  1.074     1073  200
order    5    0.001  0.503      502  200
order    6    0.001  1.298     1297  200
order    7    0.001  0.727      726  200
order    8    0.001  2.305     2304  200
order    9    0.001  0.392      391  200
order   10    0.001  0.961      960  200
order   11    0.001  1.740     1739  200
order   12    0.001  2.183     2182  200
order   13    0.001  1.954     1953  200
order   14    0.001  1.516     1515  200
order   15    0.001  1.185     1183  200
order   16    0.001  2.071     2070  200
order   17    0.001  0.173      172  200
order   18    0.001  1.633     1631  200
order   19    0.001  0.281      279  200
browse   0    0.054  0.280      226  200
